"x"
0.166565581923351
0.466945169938213
0.0005298494361341
0.224707399262115
0.0418371117082296
0.0865429634099358
0.629596910418427
1.53684162340107
0.931969298939121
0.454604194944209
0.430480294368154
0.285928110359237
0.92792801368506
0.165089671965688
0.162192928209067
0.405590167984581
0.310271304100752
1.90340513259846
1.91883815665994
0.278257444268093
0.0832135851960629
0.212279209168628
0.199791523424842
0.322996693430468
0.70107947006346
1.15478095807438
1.56350041917505
0.266712458250642
0.413364844753542
0.120478481287137
0.353617453898578
0.371144473066038
0.227696152824325
0.21237396565266
0.274012131616473
0.0847291909682498
0.690363990121937
0.660540047288496
0.00425179325975478
0.37483587998659
0.817589846873042
0.328349015209824
0.434632441473609
0.234319378043522
1.30825205420362
0.77332811126585
0.0667841277527329
0.822544312062574
0.421215571805602
0.178719666320831
0.126140767009929
1.00039445977182
0.039900784101984
0.317421963438392
0.125483418348902
0.0270691975019872
3.01412623358851
0.0202057793134512
0.0760931128170341
0.512628214146163
1.04858283040332
0.0737383661935998
0.448752114252117
1.63206430888715
0.977998712058079
0.254225903912934
0.643724100643253
0.0508102069143206
0.0537263805263811
0.715825529727054
0.622475757708258
0.488408297116817
0.0451773193199188
0.188033474842086
0.190314438073229
0.670556399484581
2.09116759867367
0.867588464128685
0.157280855346471
0.160573940956965
0.238045519450679
0.567113151287145
0.791905501815391
0.0578856761482624
0.44027703812108
0.881468261550081
0.270849258871749
0.04541613929905
1.01085140272499
0.194022827548906
0.0260769636370242
0.316396057372913
0.113289029144243
0.488047893504669
0.882089561740768
0.154406532160594
0.548794020411974
1.59329906097593
0.148032917175442
0.267472621053457
0.146308994386345
0.355569976983774
0.381935651138927
0.719971844884467
0.402055291936407
0.592003198319531
1.3151840948995
0.446411055893655
1.25501514685558
1.00575293316962
1.27398673159288
0.0646165204234421
0.122317988849246
0.533235575982785
0.258135375101119
0.267534209648147
0.389775520792896
0.0873943590559065
0.168285356136039
0.627279328626996
